1.486719514734297890e-06
2.438960745893352176e-06
3.961299091032061752e-06
6.369825178867068712e-06
1.014085206548667024e-05
1.598374110690533231e-05
2.494247129005335576e-05
3.853519674208672282e-05
5.894306775653911632e-05
8.926165717713166741e-05
1.338302257648834703e-04
1.986554713927695737e-04
2.919469257914553378e-04
4.247802705507442789e-04
6.119019301137611656e-04
8.726826950457438909e-04
1.232219168472995863e-03
1.722568939053646317e-03
2.384088201464793551e-03
3.266819056199852297e-03
4.431848411937912985e-03
5.952532419775727161e-03
7.915451582979793343e-03
1.042093481442236437e-02
1.358296923368531792e-02
1.752830049356815176e-02
2.239453029484240673e-02
2.832703774160054422e-02
3.547459284623066811e-02
4.398359598042623358e-02
5.399096651318691098e-02
6.561581477467522128e-02
7.895015830089255338e-02
9.404907737688507352e-02
1.109208346794534200e-01
1.295175956658893290e-01
1.497274656357422129e-01
1.713685920478044411e-01
1.941860549832098159e-01
2.178521770325472229e-01
2.419707245191399236e-01
2.660852498987513193e-01
2.896915527614793429e-01
3.122539333667579409e-01
3.332246028917965619e-01
3.520653267642966933e-01
3.682701403033209475e-01
3.813878154605221948e-01
3.910426939754545472e-01
3.969525474770110862e-01
3.989422804014327029e-01
3.969525474770125295e-01
3.910426939754573783e-01
3.813878154605262472e-01
3.682701403033261656e-01
3.520653267643029660e-01
3.332246028918036673e-01
3.122539333667657124e-01
2.896915527614875585e-01
2.660852498987598680e-01
2.419707245191485001e-01
2.178521770325557716e-01
1.941860549832180871e-01
1.713685920478123514e-01
1.497274656357496514e-01
1.295175956658962124e-01
1.109208346794597344e-01
9.404907737689074954e-02
7.895015830089759101e-02
6.561581477467964829e-02
5.399096651319074125e-02
4.398359598042952262e-02
3.547459284623344367e-02
2.832703774160285834e-02
2.239453029484431146e-02
1.752830049356970607e-02
1.358296923368657212e-02
1.042093481442336357e-02
7.915451582980580908e-03
5.952532419776340386e-03
4.431848411938385697e-03
3.266819056200211818e-03
2.384088201465065036e-03
1.722568939053847979e-03
1.232219168473144616e-03
8.726826950458523111e-04
6.119019301138393365e-04
4.247802705508001695e-04
2.919469257914947486e-04
1.986554713927970854e-04
1.338302257649024709e-04
8.926165717714466428e-05
5.894306775654791869e-05
3.853519674209261140e-05
2.494247129005725550e-05
1.598374110690789035e-05
1.014085206548832703e-05
6.369825178868132586e-06
3.961299091032736837e-06
2.438960745893776963e-06
